{"augen":{
	"cameras": [
		{
			"//position": [0.7, -0.6, -5],
			"//rotationEuler": [90, 180, 0],
			"//viewMatrix": [-0.606473,0.111736,-0.787221,0,-0.795111,-0.0852302,0.600451,0,-5.36442e-07,0.99008,0.140526,0,-2.6381,0.141177,-13.1574,1],
			"//viewMatrix": [-0.408046,-0.309629,0.858852,0,0.907734,-0.238115,0.345426,0,0.0975517,0.92056,0.378223,0,0,0,-24.1495,1],
			"viewMatrix": [0.0371944,-0.263658,0.963899,0,0.999309,0.00981319,-0.0358769,0,-2.08616e-07,0.964567,0.26384,0,0,0,-13.9351,1],

			"projection": "perspective",
			"fov": 24,
			"orthographicsSale": 2.0,

			"outputFrameBase": "Record\\$BASEFILE\\beauty\\frame",
			"//resolution": [256, 256],
			"//outputResolution": [128, 128],
			"//isRecordEnabled": {
				"start": 0,
				"end": 100
			}
		}
	],

	"deferredShader": {
		"defines": [ "__SHOW_BASECOLOR" ]
	},

	"lights": [
		{
			"//position": [5, -3, 4],
			"position": [8, 3, 2],
			"color": [1.15, 1.12, 1.1],
			"shadowMapSize": 1024,
			"hasShadowMap": true,
			"shadowMapFov": 140.0
		},
		{
			"position": [5, -3, 4],
			"color": [0.2, 0.24, 0.4],
			"hasShadowMap": false
		}
	],

	"shaders": {
		"World": "basic-world",
		"ImpostorCloud": {
			"baseFile": "impostor-cloud",
			"defines": [ "PROCEDURAL_BASECOLOR" ]
		},
		"InstanceCloud": {
			"baseFile": "instance-cloud",
			"defines": [ "PROCEDURAL_BASECOLOR" ]
		},
		"PointCloudCulling": {
			"baseFile": "impostor-cloud.prefixsum-culling",
			"type": "compute"
		},
		"SandOcclusionCulling": "sand/occlusion-culling"
	},

	"world": {
		"shader": "World"
	},

	"objects": [
		{
			"type": "RuntimeObject",
			"behaviors": [
				{
					"type": "TransformBehavior",
					"modelMatrix": [
						0.1, 0, 0, 0,
						0, 0, 0.1, 0,
						0, 0.1, 0, 0,
						0, 0, -1, 1
					]
				},
				{
					"type": "MeshDataBehavior",
					"filename": "grain000_lowpoly.obj"
				},
				{
					"type": "PointCloudDataBehavior",
					"filename": "20millions.bin"
				},
				{
					"type": "SandRenderer",
					"models": [
						{
							"normalAlpha": "Impostors\\grain000-128v-128p\\normal"
						}
					],
					"colormap": "colormap3.png",

					"shader": "ImpostorCloud",
					"instanceCloudShader": "InstanceCloud",
					"cullingShader": "PointCloudCulling",
					"occlusionCullingShader": "SandOcclusionCulling",

					"grainRadius": 0.074,
					"grainMeshScale": 2.0,
					"instanceLimit": 1.20,
					"cullingMechanism": "PrefixSum",
					"grainInnerRadiusRatio": 0.9999
				}
			]
		}
	]

}}
